0 0.827734 0.200694 0.014844 0.023611
0 0.678516 0.079861 0.021094 0.031944
0 0.490625 0.681944 0.017188 0.030556
0 0.572266 0.057639 0.013281 0.023611
0 0.393359 0.255556 0.016406 0.027778
0 0.681250 0.192361 0.015625 0.026389
0 0.932813 0.189583 0.018750 0.031944
0 0.521484 0.648611 0.019531 0.033333
0 0.660937 0.041667 0.039062 0.069444
0 0.547656 0.191667 0.029687 0.050000
0 0.551562 0.113194 0.020313 0.034722
0 0.814063 0.223611 0.025000 0.041667
0 0.879687 0.291667 0.035937 0.063889
0 0.565234 0.340278 0.039844 0.066667
0 0.419141 0.625694 0.022656 0.037500
