0 0.580469 0.988194 0.035937 0.023611
0 0.228516 0.970833 0.035156 0.058333
0 0.236328 0.805556 0.044531 0.077778
0 0.319141 0.792361 0.046094 0.098611
0 0.833984 0.872222 0.058594 0.091667
0 0.298828 0.450000 0.060156 0.088889
0 0.112891 0.646528 0.050781 0.084722
0 0.549219 0.909028 0.043750 0.095833
0 0.308594 0.904167 0.062500 0.111111
0 0.180469 0.695833 0.057813 0.100000
0 0.876563 0.704861 0.048438 0.081944
0 0.976172 0.752778 0.036719 0.069444
0 0.698047 0.836806 0.052344 0.093056
0 0.467969 0.103472 0.034375 0.048611
